   354.40027736211908       -85.304966769333561     
   359.81586878199522       -75.030776202422501     
   0.0000000000000000       -65.000000000000000     
   0.0000000000000000       -55.000000000000000     
   0.0000000000000000       -45.000000000000000     
   0.0000000000000000       -35.000000000000000     
   0.0000000000000000       -25.000000000000000     
   0.0000000000000000       -15.000000000000000     
   359.89173622595996       -5.3407301859251577     
   4.8151801621623207       -85.364475277205671     
   9.3947221062190387       -75.166359788175654     
   10.000000000000000       -65.000000000000000     
   10.000000000000000       -55.000000000000000     
   10.000000000000000       -45.000000000000000     
   9.9241747303301402       -35.036894580963846     
   10.000000000000000       -25.000000000000000     
   9.9008780615059617       -15.007579208063531     
   9.9006674194804365       -4.9822953350306420     
   15.623977058530159       -85.388399538741879     
   19.403892928680943       -75.317109691723033     
   20.000000000000000       -65.000000000000000     
   20.000000000000000       -55.000000000000000     
   20.000000000000000       -45.000000000000000     
   19.871939133985432       -35.059629224844457     
   20.000000000000000       -25.000000000000000     
   16.638507601664774       -14.307342056228388     
   19.695899888322341       -5.0801858732219243     
   27.658909780954591       -85.273260029120976     
   29.847892330961006       -75.248458196640257     
   30.000000000000000       -65.000000000000000     
   30.000000000000000       -55.000000000000000     
   30.000000000000000       -45.000000000000000     
   30.000000000000000       -35.000000000000000     
   30.000000000000000       -25.000000000000000     
   26.307299245409265       -14.160841068714834     
   29.369793379749009       -5.1950086346416402     
   39.486064139469946       -85.037736444927475     
   40.000000000000000       -75.000000000000000     
   40.000000000000000       -65.000000000000000     
   40.000000000000000       -55.000000000000000     
   40.000000000000000       -45.000000000000000     
   40.000000000000000       -35.000000000000000     
   39.122584771414495       -24.850093852929831     
   39.615838329389746       -15.000757554005443     
   38.862367747357155       -4.7845178939518513     
   48.084189588646133       -85.007408749240113     
   49.983618668953142       -74.997057319795729     
   50.000000000000000       -65.000000000000000     
   50.000000000000000       -55.000000000000000     
   50.000000000000000       -45.000000000000000     
   50.000000000000000       -35.000000000000000     
   48.686324813424420       -24.757567730100952     
   48.585020455336831       -14.867904040455398     
   47.914683869705293       -4.5163400283820021     
   58.842998544014677       -84.951599219597185     
   59.986855466596758       -74.994955810293305     
   60.000000000000000       -65.000000000000000     
   60.000000000000000       -55.000000000000000     
   60.000000000000000       -45.000000000000000     
   60.000000000000000       -35.000000000000000     
   57.527962488852971       -24.537880472405927     
   57.397604286231235       -14.668577850272106     
   58.198300544008902       -4.3574956936175644     
   68.150097880487280       -84.914551144734546     
   69.968699730713851       -74.992651217288653     
   70.000000000000000       -65.000000000000000     
   70.000000000000000       -55.000000000000000     
   70.000000000000000       -45.000000000000000     
   70.000000000000000       -35.000000000000000     
   69.129454460913792       -24.850168971412970     
   66.046831749940552       -14.443355774258345     
   68.304207926034323       -4.2541261201172160     
   79.050761520634666       -85.001148972291745     
   80.000000000000000       -75.000000000000000     
   80.000000000000000       -65.000000000000000     
   80.000000000000000       -55.000000000000000     
   80.000000000000000       -45.000000000000000     
   80.000000000000000       -35.000000000000000     
   79.692530403922248       -24.949102901284895     
   76.519219632369584       -14.550571767725181     
   78.355931684933324       -4.5054023944728625     
   86.285125960282258       -85.103030849463977     
   88.764347833240294       -75.097876552838471     
   90.000000000000000       -65.000000000000000     
   90.000000000000000       -55.000000000000000     
   90.000000000000000       -45.000000000000000     
   90.000000000000000       -35.000000000000000     
   89.434358774014939       -24.900276628567834     
   89.262663623833930       -15.085935027840129     
   90.000000000000000       -5.0000000000000000     
   96.642383734543216       -85.306150668810105     
   97.635046530258350       -75.472999097869476     
   100.00000000000000       -65.000000000000000     
   100.00000000000000       -55.000000000000000     
   100.00000000000000       -45.000000000000000     
   100.00000000000000       -35.000000000000000     
   99.593917168067506       -24.927673609075562     
   98.033012536828537       -14.892553821579455     
   100.00000000000000       -5.0000000000000000     
   108.54416515182714       -85.429084395290772     
   108.03179311198274       -75.761415003910756     
   110.00000000000000       -65.000000000000000     
   110.00000000000000       -55.000000000000000     
   110.00000000000000       -45.000000000000000     
   110.00000000000000       -35.000000000000000     
   109.11118161116498       -24.818213420981433     
   108.04296942017750       -15.103035580432305     
   110.00000000000000       -5.0000000000000000     
   120.49895429433303       -85.370409175435654     
   118.82012241302664       -75.695543103051179     
   120.00000000000000       -65.000000000000000     
   120.00000000000000       -55.000000000000000     
   120.00000000000000       -45.000000000000000     
   120.00000000000000       -35.000000000000000     
   118.55513045515112       -25.251649899445770     
   120.00000000000000       -15.000000000000000     
   120.00000000000000       -5.0000000000000000     
   130.41763027041577       -85.116418947790891     
   129.60237267169811       -75.473973894974066     
   130.00000000000000       -65.000000000000000     
   130.00000000000000       -55.000000000000000     
   130.00000000000000       -45.000000000000000     
   130.00000000000000       -35.000000000000000     
   129.05051610720432       -25.224749763071827     
   128.84308304845962       -15.171408457882574     
   130.00000000000000       -5.0000000000000000     
   140.31708014997551       -85.051722008142036     
   140.06035327692456       -75.211170245155955     
   140.00000000000000       -65.000000000000000     
   140.00000000000000       -55.000000000000000     
   140.00000000000000       -45.000000000000000     
   140.00000000000000       -35.000000000000000     
   140.00000000000000       -25.000000000000000     
   139.14940451037035       -15.153719832547674     
   140.00000000000000       -5.0000000000000000     
   150.21057388873544       -85.024432911191198     
   149.99999999999304       -75.000000000000000     
   150.00000000000000       -65.000000000000000     
   150.00000000000000       -55.000000000000000     
   150.00000000000000       -45.000000000000000     
   150.00000000000000       -35.000000000000000     
   150.00000000000000       -25.000000000000000     
   150.00000000000000       -15.000000000000000     
   150.00000000000000       -5.0000000000000000     
   160.17441208092032       -85.015059191897080     
   159.99999999999307       -75.000000000000000     
   160.00000000000000       -65.000000000000000     
   160.00000000000000       -55.000000000000000     
   160.00000000000000       -45.000000000000000     
   160.00000000000000       -35.000000000000000     
   160.00000000000000       -25.000000000000000     
   158.33844585226541       -15.313705416696180     
   160.00000000000000       -5.0000000000000000     
   170.27681431942290       -85.002373085475966     
   169.99999999999312       -75.000000000000000     
   170.00000000000000       -65.000000000000000     
   170.00000000000000       -55.000000000000000     
   170.00000000000000       -45.000000000000000     
   170.00000000000000       -35.000000000000000     
   170.00000000000000       -25.000000000000000     
   170.00000000000000       -15.000000000000000     
   170.00000000000000       -5.0000000000000000     
   180.65495569228298       -84.955147875396250     
   179.99999999999307       -75.000000000000000     
   180.00000000000000       -65.000000000000000     
   180.00000000000000       -55.000000000000000     
   180.00000000000000       -45.000000000000000     
   180.00000000000000       -35.000000000000000     
   180.00000000000000       -25.000000000000000     
   180.00000000000000       -15.000000000000000     
   180.00000000000000       -5.0000000000000000     
   190.86927544612558       -84.888846750347213     
   189.99999999999307       -75.000000000000000     
   190.00000000000000       -65.000000000000000     
   190.00000000000000       -55.000000000000000     
   190.00000000000000       -45.000000000000000     
   190.00000000000000       -35.000000000000000     
   190.00000000000000       -25.000000000000000     
   189.32430447116394       -14.920877112927093     
   190.00000000000000       -5.0000000000000000     
   200.70303364665813       -84.813331034395503     
   199.99637047710547       -74.987645291084647     
   200.00000000000000       -65.000000000000000     
   200.00000000000000       -55.000000000000000     
   200.00000000000000       -45.000000000000000     
   200.00000000000000       -35.000000000000000     
   200.00000000000000       -25.000000000000000     
   199.32966009302984       -14.918439433849501     
   200.00000000000000       -5.0000000000000000     
   210.39008536298238       -84.714787731433802     
   209.99730627181623       -74.990776957515550     
   210.00000000000000       -65.000000000000000     
   210.00000000000000       -55.000000000000000     
   210.00000000000000       -45.000000000000000     
   210.00000000000000       -35.000000000000000     
   210.00000000000000       -25.000000000000000     
   208.93520300049559       -14.839601311891428     
   210.00000000000000       -5.0000000000000000     
   220.00775291049129       -84.567748971656272     
   219.99648244587442       -74.990847373632704     
   220.00000000000000       -65.000000000000000     
   220.00000000000000       -55.000000000000000     
   220.00000000000000       -45.000000000000000     
   220.00000000000000       -35.000000000000000     
   220.00000000000000       -25.000000000000000     
   219.04281151276030       -14.842770958414151     
   220.00000000000000       -5.0000000000000000     
   229.21114944539104       -84.392288919777343     
   229.98299062522534       -74.978861094282891     
   230.00000000000000       -65.000000000000000     
   230.00000000000000       -55.000000000000000     
   230.00000000000000       -45.000000000000000     
   230.00000000000000       -35.000000000000000     
   229.91586391848062       -25.012884629880972     
   227.86777438780152       -14.649278752717226     
   230.00000000000000       -5.0000000000000000     
   237.95872285687719       -84.217371439496446     
   239.94359286043613       -74.960175418887601     
   240.00000000000000       -65.000000000000000     
   240.00000000000000       -55.000000000000000     
   240.00000000000000       -45.000000000000000     
   240.00000000000000       -35.000000000000000     
   240.00000000000000       -25.000000000000000     
   239.02437380436453       -14.873570412155992     
   240.00000000000000       -5.0000000000000000     
   246.32543643006963       -84.097144719534313     
   249.89121612707436       -74.953619730433886     
   250.00000000000000       -65.000000000000000     
   250.00000000000000       -55.000000000000000     
   250.00000000000000       -45.000000000000000     
   250.00000000000000       -35.000000000000000     
   250.00000000000000       -25.000000000000000     
   249.29299216349565       -14.932906390711915     
   250.00000000000000       -5.0000000000000000     
   254.67088458802417       -84.092135326180696     
   259.86281548767835       -74.966963713754836     
   260.00000000000000       -65.000000000000000     
   260.00000000000000       -55.000000000000000     
   260.00000000000000       -45.000000000000000     
   260.00000000000000       -35.000000000000000     
   260.00000000000000       -25.000000000000000     
   259.19661286310986       -14.907442867922995     
   260.00000000000000       -5.0000000000000000     
   263.36385162413268       -84.197569458724743     
   269.88763580369869       -74.986636285704890     
   270.00000000000000       -65.000000000000000     
   270.00000000000000       -55.000000000000000     
   270.00000000000000       -45.000000000000000     
   270.00000000000000       -35.000000000000000     
   270.00000000000000       -25.000000000000000     
   269.84829225891997       -15.015434008383457     
   270.00000000000000       -5.0000000000000000     
   272.38402857684343       -84.346825150712775     
   279.92780340731480       -74.996144036447475     
   280.00000000000000       -65.000000000000000     
   280.00000000000000       -55.000000000000000     
   280.00000000000000       -45.000000000000000     
   280.00000000000000       -35.000000000000000     
   280.00000000000000       -25.000000000000000     
   279.39919794584665       -15.080169198852191     
   280.00000000000000       -5.0000000000000000     
   281.73175331647735       -84.515237894123004     
   289.94068628820264       -74.999519060418123     
   290.00000000000000       -65.000000000000000     
   290.00000000000000       -55.000000000000000     
   290.00000000000000       -45.000000000000000     
   290.00000000000000       -35.000000000000000     
   290.00000000000000       -25.000000000000000     
   289.43555914595703       -15.082779844830137     
   290.00000000000000       -5.0000000000000000     
   291.34410829852527       -84.685846304478758     
   299.90047598312259       -75.002661908749943     
   300.00000000000000       -65.000000000000000     
   300.00000000000000       -55.000000000000000     
   300.00000000000000       -45.000000000000000     
   300.00000000000000       -35.000000000000000     
   300.00000000000000       -25.000000000000000     
   300.00000000000000       -15.000000000000000     
   300.00000000000000       -5.0000000000000000     
   301.20901501756305       -84.848574349013745     
   309.99999999998619       -75.000000000000000     
   310.00000000000000       -65.000000000000000     
   310.00000000000000       -55.000000000000000     
   310.00000000000000       -45.000000000000000     
   310.00000000000000       -35.000000000000000     
   310.00000000000000       -25.000000000000000     
   309.53237443232246       -14.951327117277053     
   310.00000000000000       -5.0000000000000000     
   311.49258080222415       -84.994582697542810     
   319.99999999998613       -75.000000000000000     
   320.00000000000000       -65.000000000000000     
   320.00000000000000       -55.000000000000000     
   320.00000000000000       -45.000000000000000     
   320.00000000000000       -35.000000000000000     
   320.00000000000000       -25.000000000000000     
   319.91617656938007       -15.008921855429668     
   320.00000000000000       -5.0000000000000000     
   322.16683961978185       -85.109603833647910     
   329.76912011720867       -75.024961874515682     
   330.00000000000000       -65.000000000000000     
   330.00000000000000       -55.000000000000000     
   330.00000000000000       -45.000000000000000     
   330.00000000000000       -35.000000000000000     
   330.00000000000000       -25.000000000000000     
   329.51042731559289       -14.953956208619529     
   330.00000000000000       -5.0000000000000000     
   333.11937042452314       -85.188206592706464     
   339.99999999998624       -75.000000000000000     
   340.00000000000000       -65.000000000000000     
   340.00000000000000       -55.000000000000000     
   340.00000000000000       -45.000000000000000     
   340.00000000000000       -35.000000000000000     
   340.00000000000000       -25.000000000000000     
   338.33413440575742       -14.781310319752544     
   340.00000000000000       -5.0000000000000000     
   343.86754991817622       -85.248339080953258     
   349.99999999998619       -75.000000000000000     
   350.00000000000000       -65.000000000000000     
   350.00000000000000       -55.000000000000000     
   350.00000000000000       -45.000000000000000     
   350.00000000000000       -35.000000000000000     
   349.90962813650128       -25.012778064390027     
   349.18368247335786       -14.928875331246802     
   350.00000000000000       -5.0000000000000000     
   354.40027736204922       -85.304966769333106     
   359.81586878192707       -75.030776202422402     
   360.00000000000000       -65.000000000000000     
   360.00000000000000       -55.000000000000000     
   360.00000000000000       -45.000000000000000     
   360.00000000000000       -35.000000000000000     
   360.00000000000000       -25.000000000000000     
   360.00000000000000       -15.000000000000000     
   360.00000000000000       -5.0000000000000000     
