   354.40027736211908       -85.304966769333561        24.972509872084554     
   359.81586878199522       -75.030776202422501        24.850220992870504     
   0.0000000000000000       -65.000000000000000        23.695983487487560     
   0.0000000000000000       -55.000000000000000        21.824665305393111     
   0.0000000000000000       -45.000000000000000        20.312285235814205     
   0.0000000000000000       -35.000000000000000        19.469566396128005     
   0.0000000000000000       -25.000000000000000        19.121310793100019     
   0.0000000000000000       -15.000000000000000        18.944466310290590     
   359.89173622595996       -5.3407301859251577        19.477852164465030     
   4.8151801621623207       -85.364475277205671        24.955345369388223     
   9.3947221062190387       -75.166359788175654        24.764582532268392     
   10.000000000000000       -65.000000000000000        23.577363537731845     
   10.000000000000000       -55.000000000000000        21.844087614547053     
   10.000000000000000       -45.000000000000000        20.263315670557940     
   9.9241747303301402       -35.036894580963846        19.469709896261971     
   10.000000000000000       -25.000000000000000        18.915273585478381     
   9.9008780615059617       -15.007579208063531        19.328411424085640     
   9.9006674194804365       -4.9822953350306420        19.387801229498152     
   15.623977058530159       -85.388399538741879        24.930279358282824     
   19.403892928680943       -75.317109691723033        24.605556051141630     
   20.000000000000000       -65.000000000000000        23.442320896305706     
   20.000000000000000       -55.000000000000000        21.592615475534249     
   20.000000000000000       -45.000000000000000        20.094433493388607     
   19.871939133985432       -35.059629224844457        19.334001235036226     
   20.000000000000000       -25.000000000000000        18.758761268664941     
   16.638507601664774       -14.307342056228388        19.016023588004021     
   19.695899888322341       -5.0801858732219243        19.623064399190113     
   27.658909780954591       -85.273260029120976        24.898607003675892     
   29.847892330961006       -75.248458196640257        24.459507933221996     
   30.000000000000000       -65.000000000000000        23.229673008376114     
   30.000000000000000       -55.000000000000000        21.367293269147780     
   30.000000000000000       -45.000000000000000        19.791576969794946     
   30.000000000000000       -35.000000000000000        19.281891859628221     
   30.000000000000000       -25.000000000000000        18.811344118080797     
   26.307299245409265       -14.160841068714834        18.964363091596251     
   29.369793379749009       -5.1950086346416402        19.674718523778925     
   39.486064139469946       -85.037736444927475        24.874099777794477     
   40.000000000000000       -75.000000000000000        24.367691761931852     
   40.000000000000000       -65.000000000000000        23.023093825141761     
   40.000000000000000       -55.000000000000000        20.875135288238365     
   40.000000000000000       -45.000000000000000        19.673572134206928     
   40.000000000000000       -35.000000000000000        19.227664761843542     
   39.122584771414495       -24.850093852929831        18.855365772383010     
   39.615838329389746       -15.000757554005443        18.801154036740730     
   38.862367747357155       -4.7845178939518513        19.553926676977500     
   48.084189588646133       -85.007408749240113        24.870823438172582     
   49.983618668953142       -74.997057319795729        24.304767971647269     
   50.000000000000000       -65.000000000000000        22.977145453525395     
   50.000000000000000       -55.000000000000000        20.728078895295152     
   50.000000000000000       -45.000000000000000        19.553934022196302     
   50.000000000000000       -35.000000000000000        19.115752043525465     
   48.686324813424420       -24.757567730100952        18.813751023219474     
   48.585020455336831       -14.867904040455398        18.716299714153731     
   47.914683869705293       -4.5163400283820021        19.290670905680127     
   58.842998544014677       -84.951599219597185        24.877335654660424     
   59.986855466596758       -74.994955810293305        24.317217105448499     
   60.000000000000000       -65.000000000000000        23.024339346048468     
   60.000000000000000       -55.000000000000000        20.963088160531136     
   60.000000000000000       -45.000000000000000        19.575895500614770     
   60.000000000000000       -35.000000000000000        19.151899123596870     
   57.527962488852971       -24.537880472405927        18.670963960877838     
   57.397604286231235       -14.668577850272106        18.701040222576054     
   58.198300544008902       -4.3574956936175644        19.055189634510430     
   68.150097880487280       -84.914551144734546        24.882772449408037     
   69.968699730713851       -74.992651217288653        24.450458274126376     
   70.000000000000000       -65.000000000000000        23.393547591438935     
   70.000000000000000       -55.000000000000000        21.262532438878292     
   70.000000000000000       -45.000000000000000        19.761479399252874     
   70.000000000000000       -35.000000000000000        19.239772816075025     
   69.129454460913792       -24.850168971412970        18.707934742315373     
   66.046831749940552       -14.443355774258345        18.642773031153801     
   68.304207926034323       -4.2541261201172160        19.051697524516566     
   79.050761520634666       -85.001148972291745        24.874996350385679     
   80.000000000000000       -75.000000000000000        24.600437533892645     
   80.000000000000000       -65.000000000000000        23.703839708373966     
   80.000000000000000       -55.000000000000000        21.762543224463631     
   80.000000000000000       -45.000000000000000        19.895083849331900     
   80.000000000000000       -35.000000000000000        19.288065455438481     
   79.692530403922248       -24.949102901284895        18.719208369519922     
   76.519219632369584       -14.550571767725181        18.419358807872108     
   78.355931684933324       -4.5054023944728625        18.750619173386813     
   86.285125960282258       -85.103030849463977        24.859340615994093     
   88.764347833240294       -75.097876552838471        24.675573890403289     
   90.000000000000000       -65.000000000000000        23.869387742890133     
   90.000000000000000       -55.000000000000000        21.850753700377393     
   90.000000000000000       -45.000000000000000        19.944665743578238     
   90.000000000000000       -35.000000000000000        19.259035642037411     
   89.434358774014939       -24.900276628567834        18.803941371525131     
   89.262663623833930       -15.085935027840129        18.670737774664509     
   90.000000000000000       -5.0000000000000000        18.886724083238295     
   96.642383734543216       -85.306150668810105        24.831142282022672     
   97.635046530258350       -75.472999097869476        24.757029668306135     
   100.00000000000000       -65.000000000000000        23.828762677750003     
   100.00000000000000       -55.000000000000000        21.735625446865232     
   100.00000000000000       -45.000000000000000        19.765049969987388     
   100.00000000000000       -35.000000000000000        19.143497529450322     
   99.593917168067506       -24.927673609075562        18.790242466602876     
   98.033012536828537       -14.892553821579455        18.760343840133938     
   100.00000000000000       -5.0000000000000000        19.110953578298183     
   108.54416515182714       -85.429084395290772        24.797375879288968     
   108.03179311198274       -75.761415003910756        24.775111514078933     
   110.00000000000000       -65.000000000000000        23.596518244039309     
   110.00000000000000       -55.000000000000000        21.461741420966653     
   110.00000000000000       -45.000000000000000        19.679785682108228     
   110.00000000000000       -35.000000000000000        19.062194479564006     
   109.11118161116498       -24.818213420981433        18.770842899673731     
   108.04296942017750       -15.103035580432305        18.841294459594849     
   110.00000000000000       -5.0000000000000000        19.197397332297804     
   120.49895429433303       -85.370409175435654        24.761169976823918     
   118.82012241302664       -75.695543103051179        24.634188426702107     
   120.00000000000000       -65.000000000000000        23.341268237153429     
   120.00000000000000       -55.000000000000000        21.093031809025252     
   120.00000000000000       -45.000000000000000        19.563641683301618     
   120.00000000000000       -35.000000000000000        19.071861894711844     
   118.55513045515112       -25.251649899445770        18.730085839402470     
   120.00000000000000       -15.000000000000000        18.768832374507262     
   120.00000000000000       -5.0000000000000000        19.181463331136140     
   130.41763027041577       -85.116418947790891        24.720818524109355     
   129.60237267169811       -75.473973894974066        24.493335842681596     
   130.00000000000000       -65.000000000000000        23.182525386480524     
   130.00000000000000       -55.000000000000000        20.860375090776511     
   130.00000000000000       -45.000000000000000        19.538520130735098     
   130.00000000000000       -35.000000000000000        19.240857633218749     
   129.05051610720432       -25.224749763071827        18.774805842586641     
   128.84308304845962       -15.171408457882574        18.714282361796780     
   130.00000000000000       -5.0000000000000000        19.220806433265906     
   140.31708014997551       -85.051722008142036        24.688680940557731     
   140.06035327692456       -75.211170245155955        24.378061612565883     
   140.00000000000000       -65.000000000000000        22.973517866675294     
   140.00000000000000       -55.000000000000000        21.048810255783199     
   140.00000000000000       -45.000000000000000        19.594696933555174     
   140.00000000000000       -35.000000000000000        19.376482283399351     
   140.00000000000000       -25.000000000000000        18.849949071553525     
   139.14940451037035       -15.153719832547674        18.600018813839700     
   140.00000000000000       -5.0000000000000000        19.068108962942151     
   150.21057388873544       -85.024432911191198        24.661529762407042     
   149.99999999999304       -75.000000000000000        24.121295923561561     
   150.00000000000000       -65.000000000000000        22.769582432471271     
   150.00000000000000       -55.000000000000000        21.049581142456379     
   150.00000000000000       -45.000000000000000        19.723630809623714     
   150.00000000000000       -35.000000000000000        19.502762560678462     
   150.00000000000000       -25.000000000000000        18.971936771842287     
   150.00000000000000       -15.000000000000000        18.684379187005145     
   150.00000000000000       -5.0000000000000000        19.152446553452165     
   160.17441208092032       -85.015059191897080        24.644267641517025     
   159.99999999999307       -75.000000000000000        23.893828281705634     
   160.00000000000000       -65.000000000000000        22.534450457042901     
   160.00000000000000       -55.000000000000000        20.981054228239227     
   160.00000000000000       -45.000000000000000        19.873395921136826     
   160.00000000000000       -35.000000000000000        19.485965701365714     
   160.00000000000000       -25.000000000000000        19.073783485600938     
   158.33844585226541       -15.313705416696180        18.810607703605680     
   160.00000000000000       -5.0000000000000000        19.071284901211150     
   170.27681431942290       -85.002373085475966        24.642533662427279     
   169.99999999999312       -75.000000000000000        23.788269607699291     
   170.00000000000000       -65.000000000000000        22.372524894048475     
   170.00000000000000       -55.000000000000000        20.792946369893425     
   170.00000000000000       -45.000000000000000        19.981290129031695     
   170.00000000000000       -35.000000000000000        19.494031515928036     
   170.00000000000000       -25.000000000000000        18.956647786957745     
   170.00000000000000       -15.000000000000000        18.703202987695452     
   170.00000000000000       -5.0000000000000000        19.086318227987732     
   180.65495569228298       -84.955147875396250        24.657282877009042     
   179.99999999999307       -75.000000000000000        23.727490617845319     
   180.00000000000000       -65.000000000000000        22.331304547012603     
   180.00000000000000       -55.000000000000000        20.876743454574189     
   180.00000000000000       -45.000000000000000        20.245377848752607     
   180.00000000000000       -35.000000000000000        19.374439689717924     
   180.00000000000000       -25.000000000000000        18.807485038419689     
   180.00000000000000       -15.000000000000000        18.643627683245946     
   180.00000000000000       -5.0000000000000000        19.239707969673805     
   190.86927544612558       -84.888846750347213        24.682319348353914     
   189.99999999999307       -75.000000000000000        23.691667754010052     
   190.00000000000000       -65.000000000000000        22.347063002842770     
   190.00000000000000       -55.000000000000000        20.938829828401115     
   190.00000000000000       -45.000000000000000        20.275326783931554     
   190.00000000000000       -35.000000000000000        19.243353928182660     
   190.00000000000000       -25.000000000000000        18.859303204072194     
   189.32430447116394       -14.920877112927093        18.563873934285574     
   190.00000000000000       -5.0000000000000000        19.135693243988648     
   200.70303364665813       -84.813331034395503        24.707648699483752     
   199.99637047710547       -74.987645291084647        23.726517922934313     
   200.00000000000000       -65.000000000000000        22.347828370537922     
   200.00000000000000       -55.000000000000000        21.038091185844948     
   200.00000000000000       -45.000000000000000        20.183683382149884     
   200.00000000000000       -35.000000000000000        19.268050973262145     
   200.00000000000000       -25.000000000000000        18.852733356120819     
   199.32966009302984       -14.918439433849501        18.612147085113573     
   200.00000000000000       -5.0000000000000000        19.007890337152730     
   210.39008536298238       -84.714787731433802        24.722386842343870     
   209.99730627181623       -74.990776957515550        23.877844448847160     
   210.00000000000000       -65.000000000000000        22.563692578073571     
   210.00000000000000       -55.000000000000000        21.173379958092578     
   210.00000000000000       -45.000000000000000        20.228160623032711     
   210.00000000000000       -35.000000000000000        19.389099516437483     
   210.00000000000000       -25.000000000000000        18.895700211237052     
   208.93520300049559       -14.839601311891428        18.639640756273469     
   210.00000000000000       -5.0000000000000000        18.953550808007961     
   220.00775291049129       -84.567748971656272        24.723386151829246     
   219.99648244587442       -74.990847373632704        23.996373724124481     
   220.00000000000000       -65.000000000000000        22.624704882740414     
   220.00000000000000       -55.000000000000000        21.243859366286273     
   220.00000000000000       -45.000000000000000        20.217930336045402     
   220.00000000000000       -35.000000000000000        19.407795995240001     
   220.00000000000000       -25.000000000000000        18.845425728093151     
   219.04281151276030       -14.842770958414151        18.781888386685502     
   220.00000000000000       -5.0000000000000000        19.100670712119289     
   229.21114944539104       -84.392288919777343        24.719955645924351     
   229.98299062522534       -74.978861094282891        24.039882616462698     
   230.00000000000000       -65.000000000000000        22.789671605689406     
   230.00000000000000       -55.000000000000000        21.336973765195527     
   230.00000000000000       -45.000000000000000        20.068866606959876     
   230.00000000000000       -35.000000000000000        19.399929848021639     
   229.91586391848062       -25.012884629880972        18.831558346599262     
   227.86777438780152       -14.649278752717226        18.732850293988534     
   230.00000000000000       -5.0000000000000000        19.231240347354763     
   237.95872285687719       -84.217371439496446        24.727582833120472     
   239.94359286043613       -74.960175418887601        24.257407977011113     
   240.00000000000000       -65.000000000000000        23.138506555889037     
   240.00000000000000       -55.000000000000000        21.802647685979771     
   240.00000000000000       -45.000000000000000        20.110211750669997     
   240.00000000000000       -35.000000000000000        19.418824558614091     
   240.00000000000000       -25.000000000000000        18.863727997901247     
   239.02437380436453       -14.873570412155992        18.930372927456265     
   240.00000000000000       -5.0000000000000000        19.221782808189317     
   246.32543643006963       -84.097144719534313        24.755040047617790     
   249.89121612707436       -74.953619730433886        24.514527577231689     
   250.00000000000000       -65.000000000000000        23.789413256668482     
   250.00000000000000       -55.000000000000000        22.210478695057223     
   250.00000000000000       -45.000000000000000        20.271070811854809     
   250.00000000000000       -35.000000000000000        19.399598895878373     
   250.00000000000000       -25.000000000000000        18.826187988470888     
   249.29299216349565       -14.932906390711915        18.753068812989998     
   250.00000000000000       -5.0000000000000000        19.189582150587629     
   254.67088458802417       -84.092135326180696        24.798108636416490     
   259.86281548767835       -74.966963713754836        24.718569291865759     
   260.00000000000000       -65.000000000000000        24.345241529659077     
   260.00000000000000       -55.000000000000000        22.463502930272270     
   260.00000000000000       -45.000000000000000        20.465597742864542     
   260.00000000000000       -35.000000000000000        19.385433818471576     
   260.00000000000000       -25.000000000000000        18.944766696054607     
   259.19661286310986       -14.907442867922995        18.861632494650731     
   260.00000000000000       -5.0000000000000000        19.237857772741240     
   263.36385162413268       -84.197569458724743        24.845576712558053     
   269.88763580369869       -74.986636285704890        24.836834073187191     
   270.00000000000000       -65.000000000000000        24.244899816525720     
   270.00000000000000       -55.000000000000000        22.420564129393647     
   270.00000000000000       -45.000000000000000        20.373173853884516     
   270.00000000000000       -35.000000000000000        19.448600536381377     
   270.00000000000000       -25.000000000000000        18.953944921424302     
   269.84829225891997       -15.015434008383457        18.925557034075943     
   270.00000000000000       -5.0000000000000000        19.481551434869267     
   272.38402857684343       -84.346825150712775        24.888240742231041     
   279.92780340731480       -74.996144036447475        24.874767417738205     
   280.00000000000000       -65.000000000000000        23.890192660820542     
   280.00000000000000       -55.000000000000000        22.171526420863014     
   280.00000000000000       -45.000000000000000        20.267116425722296     
   280.00000000000000       -35.000000000000000        19.472889479962909     
   280.00000000000000       -25.000000000000000        19.024128755313196     
   279.39919794584665       -15.080169198852191        18.967376290508533     
   280.00000000000000       -5.0000000000000000        19.398607450431562     
   281.73175331647735       -84.515237894123004        24.923443817221248     
   289.94068628820264       -74.999519060418123        24.807019114895233     
   290.00000000000000       -65.000000000000000        23.604389078082249     
   290.00000000000000       -55.000000000000000        21.935949966382640     
   290.00000000000000       -45.000000000000000        20.111761973009280     
   290.00000000000000       -35.000000000000000        19.447733388404920     
   290.00000000000000       -25.000000000000000        19.159819249340149     
   289.43555914595703       -15.082779844830137        18.947573679340142     
   290.00000000000000       -5.0000000000000000        19.458481550786743     
   291.34410829852527       -84.685846304478758        24.952917581682172     
   299.90047598312259       -75.002661908749943        24.745061369701922     
   300.00000000000000       -65.000000000000000        23.387301469023850     
   300.00000000000000       -55.000000000000000        21.741551464957542     
   300.00000000000000       -45.000000000000000        20.001412410881414     
   300.00000000000000       -35.000000000000000        19.525120750818839     
   300.00000000000000       -25.000000000000000        19.058992028066243     
   300.00000000000000       -15.000000000000000        19.066346835156434     
   300.00000000000000       -5.0000000000000000        19.402262460004462     
   301.20901501756305       -84.848574349013745        24.976787715780116     
   309.99999999998619       -75.000000000000000        24.775478198203704     
   310.00000000000000       -65.000000000000000        23.162457139729792     
   310.00000000000000       -55.000000000000000        21.284338751915456     
   310.00000000000000       -45.000000000000000        19.991401800090532     
   310.00000000000000       -35.000000000000000        19.482502949612407     
   310.00000000000000       -25.000000000000000        18.956583590288982     
   309.53237443232246       -14.951327117277053        18.863720221247718     
   310.00000000000000       -5.0000000000000000        19.406639190330296     
   311.49258080222415       -84.994582697542810        24.992485595015808     
   319.99999999998613       -75.000000000000000        24.799993029291223     
   320.00000000000000       -65.000000000000000        23.049257420341799     
   320.00000000000000       -55.000000000000000        21.233833787002975     
   320.00000000000000       -45.000000000000000        19.960982303480975     
   320.00000000000000       -35.000000000000000        19.408314544152741     
   320.00000000000000       -25.000000000000000        18.992542745974280     
   319.91617656938007       -15.008921855429668        18.840230573453411     
   320.00000000000000       -5.0000000000000000        19.797795315087413     
   322.16683961978185       -85.109603833647910        24.997457322223660     
   329.76912011720867       -75.024961874515682        24.743368826569064     
   330.00000000000000       -65.000000000000000        23.264414672485305     
   330.00000000000000       -55.000000000000000        21.250839673684322     
   330.00000000000000       -45.000000000000000        20.091323589750456     
   330.00000000000000       -35.000000000000000        19.320607329262916     
   330.00000000000000       -25.000000000000000        19.000273696431961     
   329.51042731559289       -14.953956208619529        18.949095818289024     
   330.00000000000000       -5.0000000000000000        19.645419873029947     
   333.11937042452314       -85.188206592706464        24.993072286916803     
   339.99999999998624       -75.000000000000000        24.732956885546297     
   340.00000000000000       -65.000000000000000        23.565809840314426     
   340.00000000000000       -55.000000000000000        21.354275420432437     
   340.00000000000000       -45.000000000000000        19.985975535844716     
   340.00000000000000       -35.000000000000000        19.391594132912623     
   340.00000000000000       -25.000000000000000        19.043123190134210     
   338.33413440575742       -14.781310319752544        19.039404327866873     
   340.00000000000000       -5.0000000000000000        19.884132857546511     
   343.86754991817622       -85.248339080953258        24.984371703586941     
   349.99999999998619       -75.000000000000000        24.837202833557072     
   350.00000000000000       -65.000000000000000        23.706741491798450     
   350.00000000000000       -55.000000000000000        21.660224220768075     
   350.00000000000000       -45.000000000000000        20.077330320943449     
   350.00000000000000       -35.000000000000000        19.455862468994049     
   349.90962813650128       -25.012778064390027        19.116271083847156     
   349.18368247335786       -14.928875331246802        19.078347213267602     
   350.00000000000000       -5.0000000000000000        19.561490432564522     
   354.40027736204922       -85.304966769333106        24.972509872084650     
   359.81586878192707       -75.030776202422402        24.850220992870806     
   360.00000000000000       -65.000000000000000        23.695983487487560     
   360.00000000000000       -55.000000000000000        21.824665305393111     
   360.00000000000000       -45.000000000000000        20.312285235814205     
   360.00000000000000       -35.000000000000000        19.469566396128005     
   360.00000000000000       -25.000000000000000        19.121310793100019     
   360.00000000000000       -15.000000000000000        18.944466310290590     
   360.00000000000000       -5.0000000000000000        19.490792792338702     
